# Map canvas properties
map.width=1024
map.height=720

map.extent.latitude.min=38.4389669976795
map.extent.latitude.max=38.83543460867074
map.extent.longitude.min=-9.495822428932737
map.extent.longitude.max=-8.77394736830026
